Orthogroup	Pfalciparum	Tgondii	Total
OG0000000	21	1	22
OG0000001	3	12	15
OG0000002	10	2	12
OG0000003	3	6	9
OG0000004	2	7	9
OG0000005	2	5	7
OG0000006	3	4	7
OG0000007	3	3	6
OG0000008	3	3	6
OG0000009	3	2	5
OG0000010	4	1	5
OG0000011	2	3	5
OG0000012	2	3	5
OG0000013	2	3	5
OG0000014	4	1	5
OG0000015	1	4	5
OG0000016	3	2	5
OG0000017	1	4	5
OG0000018	2	3	5
OG0000019	2	3	5
OG0000020	2	3	5
OG0000021	3	2	5
OG0000022	3	2	5
OG0000023	2	3	5
OG0000024	1	4	5
OG0000025	2	3	5
OG0000026	2	2	4
OG0000027	2	2	4
OG0000028	2	2	4
OG0000029	2	2	4
OG0000030	2	2	4
OG0000031	3	1	4
OG0000032	2	2	4
OG0000033	2	2	4
OG0000034	2	2	4
OG0000035	2	2	4
OG0000036	3	1	4
OG0000037	2	2	4
OG0000038	2	2	4
OG0000039	2	2	4
OG0000040	1	3	4
OG0000041	2	2	4
OG0000042	2	2	4
OG0000043	2	2	4
OG0000044	2	2	4
OG0000045	2	2	4
OG0000046	2	2	4
OG0000047	3	1	4
OG0000048	3	1	4
OG0000049	2	2	4
OG0000050	2	2	4
OG0000051	2	2	4
OG0000052	2	2	4
OG0000053	2	2	4
OG0000054	2	2	4
OG0000055	1	3	4
OG0000056	1	3	4
OG0000057	2	2	4
OG0000058	2	2	4
OG0000059	3	1	4
OG0000060	2	2	4
OG0000061	2	2	4
OG0000062	1	3	4
OG0000063	2	2	4
OG0000064	1	3	4
OG0000065	3	1	4
OG0000066	1	3	4
OG0000067	2	2	4
OG0000068	2	2	4
OG0000069	2	2	4
OG0000070	1	3	4
OG0000071	1	3	4
OG0000072	2	2	4
OG0000073	2	2	4
OG0000074	1	3	4
OG0000075	2	2	4
OG0000076	2	2	4
OG0000077	2	2	4
OG0000078	1	3	4
OG0000079	1	3	4
OG0000080	3	1	4
OG0000081	2	2	4
OG0000082	2	2	4
OG0000083	2	2	4
OG0000084	2	2	4
OG0000085	1	3	4
OG0000086	2	2	4
OG0000087	1	3	4
OG0000088	1	3	4
OG0000089	1	3	4
OG0000090	2	2	4
OG0000091	1	3	4
OG0000092	1	3	4
OG0000093	1	3	4
OG0000094	1	3	4
OG0000095	1	3	4
OG0000096	1	2	3
OG0000097	1	2	3
OG0000098	1	2	3
OG0000099	1	2	3
OG0000100	2	1	3
OG0000101	1	2	3
OG0000102	2	1	3
OG0000103	1	2	3
OG0000104	2	1	3
OG0000105	2	1	3
OG0000106	2	1	3
OG0000107	2	1	3
OG0000108	1	2	3
OG0000109	2	1	3
OG0000110	1	2	3
OG0000111	1	2	3
OG0000112	1	2	3
OG0000113	2	1	3
OG0000114	1	2	3
OG0000115	1	2	3
OG0000116	1	2	3
OG0000117	2	1	3
OG0000118	2	1	3
OG0000119	1	2	3
OG0000120	1	2	3
OG0000121	2	1	3
OG0000122	2	1	3
OG0000123	1	2	3
OG0000124	2	1	3
OG0000125	2	1	3
OG0000126	2	1	3
OG0000127	1	2	3
OG0000128	2	1	3
OG0000129	2	1	3
OG0000130	2	1	3
OG0000131	2	1	3
OG0000132	1	2	3
OG0000133	1	2	3
OG0000134	1	2	3
OG0000135	2	1	3
OG0000136	2	1	3
OG0000137	2	1	3
OG0000138	2	1	3
OG0000139	1	2	3
OG0000140	1	2	3
OG0000141	2	1	3
OG0000142	1	2	3
OG0000143	1	2	3
OG0000144	2	1	3
OG0000145	2	1	3
OG0000146	2	1	3
OG0000147	2	1	3
OG0000148	2	1	3
OG0000149	2	1	3
OG0000150	2	1	3
OG0000151	2	1	3
OG0000152	1	2	3
OG0000153	1	2	3
OG0000154	1	2	3
OG0000155	1	2	3
OG0000156	1	2	3
OG0000157	2	1	3
OG0000158	2	1	3
OG0000159	1	2	3
OG0000160	2	1	3
OG0000161	2	1	3
OG0000162	2	1	3
OG0000163	1	2	3
OG0000164	2	1	3
OG0000165	2	1	3
OG0000166	1	2	3
OG0000167	2	1	3
OG0000168	2	1	3
OG0000169	2	1	3
OG0000170	2	1	3
OG0000171	1	2	3
OG0000172	1	2	3
OG0000173	1	2	3
OG0000174	1	2	3
OG0000175	1	2	3
OG0000176	1	2	3
OG0000177	2	1	3
OG0000178	2	1	3
OG0000179	1	2	3
OG0000180	1	2	3
OG0000181	2	1	3
OG0000182	1	2	3
OG0000183	1	2	3
OG0000184	2	1	3
OG0000185	1	2	3
OG0000186	1	2	3
OG0000187	1	2	3
OG0000188	1	2	3
OG0000189	1	2	3
OG0000190	1	2	3
OG0000191	1	2	3
OG0000192	1	2	3
OG0000193	2	1	3
OG0000194	1	2	3
OG0000195	2	1	3
OG0000196	1	2	3
OG0000197	1	2	3
OG0000198	1	2	3
OG0000199	1	2	3
OG0000200	1	2	3
OG0000201	2	1	3
OG0000202	1	2	3
OG0000203	1	2	3
OG0000204	1	2	3
OG0000205	1	2	3
OG0000206	1	2	3
OG0000207	1	2	3
OG0000208	1	2	3
OG0000209	1	2	3
OG0000210	2	1	3
OG0000211	2	1	3
OG0000212	1	2	3
OG0000213	2	1	3
OG0000214	1	2	3
OG0000215	1	2	3
OG0000216	2	1	3
OG0000217	1	2	3
OG0000218	1	2	3
OG0000219	1	2	3
OG0000220	1	2	3
OG0000221	1	2	3
OG0000222	1	2	3
OG0000223	1	2	3
OG0000224	1	2	3
OG0000225	1	2	3
OG0000226	1	2	3
OG0000227	1	2	3
OG0000228	1	2	3
OG0000229	1	2	3
OG0000230	1	2	3
OG0000231	1	2	3
OG0000232	1	2	3
OG0000233	1	2	3
OG0000234	1	2	3
OG0000235	1	2	3
OG0000236	1	2	3
OG0000237	1	2	3
OG0000238	1	2	3
OG0000239	2	1	3
OG0000240	1	2	3
OG0000241	1	1	2
OG0000242	1	1	2
OG0000243	1	1	2
OG0000244	1	1	2
OG0000245	1	1	2
OG0000246	1	1	2
OG0000247	1	1	2
OG0000248	1	1	2
OG0000249	1	1	2
OG0000250	1	1	2
OG0000251	1	1	2
OG0000252	1	1	2
OG0000253	1	1	2
OG0000254	1	1	2
OG0000255	1	1	2
OG0000256	1	1	2
OG0000257	1	1	2
OG0000258	1	1	2
OG0000259	1	1	2
OG0000260	1	1	2
OG0000261	1	1	2
OG0000262	1	1	2
OG0000263	1	1	2
OG0000264	1	1	2
OG0000265	1	1	2
OG0000266	1	1	2
OG0000267	1	1	2
OG0000268	1	1	2
OG0000269	1	1	2
OG0000270	1	1	2
OG0000271	1	1	2
OG0000272	1	1	2
OG0000273	1	1	2
OG0000274	1	1	2
OG0000275	1	1	2
OG0000276	1	1	2
OG0000277	1	1	2
OG0000278	1	1	2
OG0000279	1	1	2
OG0000280	1	1	2
OG0000281	1	1	2
OG0000282	1	1	2
OG0000283	1	1	2
OG0000284	1	1	2
OG0000285	1	1	2
OG0000286	1	1	2
OG0000287	1	1	2
OG0000288	1	1	2
OG0000289	1	1	2
OG0000290	1	1	2
OG0000291	1	1	2
OG0000292	1	1	2
OG0000293	1	1	2
OG0000294	1	1	2
OG0000295	1	1	2
OG0000296	1	1	2
OG0000297	1	1	2
OG0000298	1	1	2
OG0000299	1	1	2
OG0000300	1	1	2
OG0000301	1	1	2
OG0000302	1	1	2
OG0000303	1	1	2
OG0000304	1	1	2
OG0000305	1	1	2
OG0000306	1	1	2
OG0000307	1	1	2
OG0000308	1	1	2
OG0000309	1	1	2
OG0000310	1	1	2
OG0000311	1	1	2
OG0000312	1	1	2
OG0000313	1	1	2
OG0000314	1	1	2
OG0000315	1	1	2
OG0000316	1	1	2
OG0000317	1	1	2
OG0000318	1	1	2
OG0000319	1	1	2
OG0000320	1	1	2
OG0000321	1	1	2
OG0000322	1	1	2
OG0000323	1	1	2
OG0000324	1	1	2
OG0000325	1	1	2
OG0000326	1	1	2
OG0000327	1	1	2
OG0000328	1	1	2
OG0000329	1	1	2
OG0000330	1	1	2
OG0000331	1	1	2
OG0000332	1	1	2
OG0000333	1	1	2
OG0000334	1	1	2
OG0000335	1	1	2
OG0000336	1	1	2
OG0000337	1	1	2
OG0000338	1	1	2
OG0000339	1	1	2
OG0000340	1	1	2
OG0000341	1	1	2
OG0000342	1	1	2
OG0000343	1	1	2
OG0000344	1	1	2
OG0000345	1	1	2
OG0000346	1	1	2
OG0000347	1	1	2
OG0000348	1	1	2
OG0000349	1	1	2
OG0000350	1	1	2
OG0000351	1	1	2
OG0000352	1	1	2
OG0000353	1	1	2
OG0000354	1	1	2
OG0000355	1	1	2
OG0000356	1	1	2
OG0000357	1	1	2
OG0000358	1	1	2
OG0000359	1	1	2
OG0000360	1	1	2
OG0000361	1	1	2
OG0000362	1	1	2
OG0000363	1	1	2
OG0000364	1	1	2
OG0000365	1	1	2
OG0000366	1	1	2
OG0000367	1	1	2
OG0000368	1	1	2
OG0000369	1	1	2
OG0000370	1	1	2
OG0000371	1	1	2
OG0000372	1	1	2
OG0000373	1	1	2
OG0000374	1	1	2
OG0000375	1	1	2
OG0000376	1	1	2
OG0000377	1	1	2
OG0000378	1	1	2
OG0000379	1	1	2
OG0000380	1	1	2
OG0000381	1	1	2
OG0000382	1	1	2
OG0000383	1	1	2
OG0000384	1	1	2
OG0000385	1	1	2
OG0000386	1	1	2
OG0000387	1	1	2
OG0000388	1	1	2
OG0000389	1	1	2
OG0000390	1	1	2
OG0000391	1	1	2
OG0000392	1	1	2
OG0000393	1	1	2
OG0000394	1	1	2
OG0000395	1	1	2
OG0000396	1	1	2
OG0000397	1	1	2
OG0000398	1	1	2
OG0000399	1	1	2
OG0000400	1	1	2
OG0000401	1	1	2
OG0000402	1	1	2
OG0000403	1	1	2
OG0000404	1	1	2
OG0000405	1	1	2
OG0000406	1	1	2
OG0000407	1	1	2
OG0000408	1	1	2
OG0000409	1	1	2
OG0000410	1	1	2
OG0000411	1	1	2
OG0000412	1	1	2
OG0000413	1	1	2
OG0000414	1	1	2
OG0000415	1	1	2
OG0000416	1	1	2
OG0000417	1	1	2
OG0000418	1	1	2
OG0000419	1	1	2
OG0000420	1	1	2
OG0000421	1	1	2
OG0000422	1	1	2
OG0000423	1	1	2
OG0000424	1	1	2
OG0000425	1	1	2
OG0000426	1	1	2
OG0000427	1	1	2
OG0000428	1	1	2
OG0000429	1	1	2
OG0000430	1	1	2
OG0000431	1	1	2
OG0000432	1	1	2
OG0000433	1	1	2
OG0000434	1	1	2
OG0000435	1	1	2
OG0000436	1	1	2
OG0000437	1	1	2
OG0000438	1	1	2
OG0000439	1	1	2
OG0000440	1	1	2
OG0000441	1	1	2
OG0000442	1	1	2
OG0000443	1	1	2
OG0000444	1	1	2
OG0000445	1	1	2
OG0000446	1	1	2
OG0000447	1	1	2
OG0000448	1	1	2
OG0000449	1	1	2
OG0000450	1	1	2
OG0000451	1	1	2
OG0000452	1	1	2
OG0000453	1	1	2
OG0000454	1	1	2
OG0000455	1	1	2
OG0000456	1	1	2
OG0000457	1	1	2
OG0000458	1	1	2
OG0000459	1	1	2
OG0000460	1	1	2
OG0000461	1	1	2
OG0000462	1	1	2
OG0000463	1	1	2
OG0000464	1	1	2
OG0000465	1	1	2
OG0000466	1	1	2
OG0000467	1	1	2
OG0000468	1	1	2
OG0000469	1	1	2
OG0000470	1	1	2
OG0000471	1	1	2
OG0000472	1	1	2
OG0000473	1	1	2
OG0000474	1	1	2
OG0000475	1	1	2
OG0000476	1	1	2
OG0000477	1	1	2
OG0000478	1	1	2
OG0000479	1	1	2
OG0000480	1	1	2
OG0000481	1	1	2
OG0000482	1	1	2
OG0000483	1	1	2
OG0000484	1	1	2
OG0000485	1	1	2
OG0000486	1	1	2
OG0000487	1	1	2
OG0000488	1	1	2
OG0000489	1	1	2
OG0000490	1	1	2
OG0000491	1	1	2
OG0000492	1	1	2
OG0000493	1	1	2
OG0000494	1	1	2
OG0000495	1	1	2
OG0000496	1	1	2
OG0000497	1	1	2
OG0000498	1	1	2
OG0000499	1	1	2
OG0000500	1	1	2
OG0000501	1	1	2
OG0000502	1	1	2
OG0000503	1	1	2
OG0000504	1	1	2
OG0000505	1	1	2
OG0000506	1	1	2
OG0000507	1	1	2
OG0000508	1	1	2
OG0000509	1	1	2
OG0000510	1	1	2
OG0000511	1	1	2
OG0000512	1	1	2
OG0000513	1	1	2
OG0000514	1	1	2
OG0000515	1	1	2
OG0000516	1	1	2
OG0000517	1	1	2
OG0000518	1	1	2
OG0000519	1	1	2
OG0000520	1	1	2
OG0000521	1	1	2
OG0000522	1	1	2
OG0000523	1	1	2
OG0000524	1	1	2
OG0000525	1	1	2
OG0000526	1	1	2
OG0000527	1	1	2
OG0000528	1	1	2
OG0000529	1	1	2
OG0000530	1	1	2
OG0000531	1	1	2
OG0000532	1	1	2
OG0000533	1	1	2
OG0000534	1	1	2
OG0000535	1	1	2
OG0000536	1	1	2
OG0000537	1	1	2
OG0000538	1	1	2
OG0000539	1	1	2
OG0000540	1	1	2
OG0000541	1	1	2
OG0000542	1	1	2
OG0000543	1	1	2
OG0000544	1	1	2
OG0000545	1	1	2
OG0000546	1	1	2
OG0000547	1	1	2
OG0000548	1	1	2
OG0000549	1	1	2
OG0000550	1	1	2
OG0000551	1	1	2
OG0000552	1	1	2
OG0000553	1	1	2
OG0000554	1	1	2
OG0000555	1	1	2
OG0000556	1	1	2
OG0000557	1	1	2
OG0000558	1	1	2
OG0000559	1	1	2
OG0000560	1	1	2
OG0000561	1	1	2
OG0000562	1	1	2
OG0000563	1	1	2
OG0000564	1	1	2
OG0000565	1	1	2
OG0000566	1	1	2
OG0000567	1	1	2
OG0000568	1	1	2
OG0000569	1	1	2
OG0000570	1	1	2
OG0000571	1	1	2
OG0000572	1	1	2
OG0000573	1	1	2
OG0000574	1	1	2
OG0000575	1	1	2
OG0000576	1	1	2
OG0000577	1	1	2
OG0000578	1	1	2
OG0000579	1	1	2
OG0000580	1	1	2
OG0000581	1	1	2
OG0000582	1	1	2
OG0000583	1	1	2
OG0000584	1	1	2
OG0000585	1	1	2
OG0000586	1	1	2
OG0000587	1	1	2
OG0000588	1	1	2
OG0000589	1	1	2
OG0000590	1	1	2
OG0000591	1	1	2
OG0000592	1	1	2
OG0000593	1	1	2
OG0000594	1	1	2
OG0000595	1	1	2
OG0000596	1	1	2
OG0000597	1	1	2
OG0000598	1	1	2
OG0000599	1	1	2
OG0000600	1	1	2
OG0000601	1	1	2
OG0000602	1	1	2
OG0000603	1	1	2
OG0000604	1	1	2
OG0000605	1	1	2
OG0000606	1	1	2
OG0000607	1	1	2
OG0000608	1	1	2
OG0000609	1	1	2
OG0000610	1	1	2
OG0000611	1	1	2
OG0000612	1	1	2
OG0000613	1	1	2
OG0000614	1	1	2
OG0000615	1	1	2
OG0000616	1	1	2
OG0000617	1	1	2
OG0000618	1	1	2
OG0000619	1	1	2
OG0000620	1	1	2
OG0000621	1	1	2
OG0000622	1	1	2
OG0000623	1	1	2
OG0000624	1	1	2
OG0000625	1	1	2
OG0000626	1	1	2
OG0000627	1	1	2
OG0000628	1	1	2
OG0000629	1	1	2
OG0000630	1	1	2
OG0000631	1	1	2
OG0000632	1	1	2
OG0000633	1	1	2
OG0000634	1	1	2
OG0000635	1	1	2
OG0000636	1	1	2
OG0000637	1	1	2
OG0000638	1	1	2
OG0000639	1	1	2
OG0000640	1	1	2
OG0000641	1	1	2
OG0000642	1	1	2
OG0000643	1	1	2
OG0000644	1	1	2
OG0000645	1	1	2
OG0000646	1	1	2
OG0000647	1	1	2
OG0000648	1	1	2
OG0000649	1	1	2
OG0000650	1	1	2
OG0000651	1	1	2
OG0000652	1	1	2
OG0000653	1	1	2
OG0000654	1	1	2
OG0000655	1	1	2
OG0000656	1	1	2
OG0000657	1	1	2
OG0000658	1	1	2
OG0000659	1	1	2
OG0000660	1	1	2
OG0000661	1	1	2
OG0000662	1	1	2
OG0000663	1	1	2
OG0000664	1	1	2
OG0000665	1	1	2
OG0000666	1	1	2
OG0000667	1	1	2
OG0000668	1	1	2
OG0000669	1	1	2
OG0000670	1	1	2
OG0000671	1	1	2
OG0000672	1	1	2
OG0000673	1	1	2
OG0000674	1	1	2
OG0000675	1	1	2
OG0000676	1	1	2
OG0000677	1	1	2
OG0000678	1	1	2
OG0000679	1	1	2
OG0000680	1	1	2
OG0000681	1	1	2
OG0000682	1	1	2
OG0000683	1	1	2
OG0000684	1	1	2
OG0000685	1	1	2
OG0000686	1	1	2
OG0000687	1	1	2
OG0000688	1	1	2
OG0000689	1	1	2
OG0000690	1	1	2
OG0000691	1	1	2
OG0000692	1	1	2
OG0000693	1	1	2
OG0000694	1	1	2
OG0000695	1	1	2
OG0000696	1	1	2
OG0000697	1	1	2
OG0000698	1	1	2
OG0000699	1	1	2
OG0000700	1	1	2
OG0000701	1	1	2
OG0000702	1	1	2
OG0000703	1	1	2
OG0000704	1	1	2
OG0000705	1	1	2
OG0000706	1	1	2
OG0000707	1	1	2
OG0000708	1	1	2
OG0000709	1	1	2
OG0000710	1	1	2
OG0000711	1	1	2
OG0000712	1	1	2
OG0000713	1	1	2
OG0000714	1	1	2
OG0000715	1	1	2
OG0000716	1	1	2
OG0000717	1	1	2
OG0000718	1	1	2
OG0000719	1	1	2
OG0000720	1	1	2
OG0000721	1	1	2
OG0000722	1	1	2
OG0000723	1	1	2
OG0000724	1	1	2
OG0000725	1	1	2
OG0000726	1	1	2
OG0000727	1	1	2
OG0000728	1	1	2
OG0000729	1	1	2
OG0000730	1	1	2
OG0000731	1	1	2
OG0000732	1	1	2
OG0000733	1	1	2
OG0000734	1	1	2
OG0000735	1	1	2
OG0000736	1	1	2
OG0000737	1	1	2
OG0000738	1	1	2
OG0000739	1	1	2
OG0000740	1	1	2
OG0000741	1	1	2
OG0000742	1	1	2
OG0000743	1	1	2
OG0000744	1	1	2
OG0000745	1	1	2
OG0000746	1	1	2
OG0000747	1	1	2
OG0000748	1	1	2
OG0000749	1	1	2
OG0000750	1	1	2
OG0000751	1	1	2
OG0000752	1	1	2
OG0000753	1	1	2
OG0000754	1	1	2
OG0000755	1	1	2
OG0000756	1	1	2
OG0000757	1	1	2
OG0000758	1	1	2
OG0000759	1	1	2
OG0000760	1	1	2
OG0000761	1	1	2
OG0000762	1	1	2
OG0000763	1	1	2
OG0000764	1	1	2
OG0000765	1	1	2
OG0000766	1	1	2
OG0000767	1	1	2
OG0000768	1	1	2
OG0000769	1	1	2
OG0000770	1	1	2
OG0000771	1	1	2
OG0000772	1	1	2
OG0000773	1	1	2
OG0000774	1	1	2
OG0000775	1	1	2
OG0000776	1	1	2
OG0000777	1	1	2
OG0000778	1	1	2
OG0000779	1	1	2
OG0000780	1	1	2
OG0000781	1	1	2
OG0000782	1	1	2
OG0000783	1	1	2
OG0000784	1	1	2
OG0000785	1	1	2
OG0000786	1	1	2
OG0000787	1	1	2
OG0000788	1	1	2
OG0000789	1	1	2
OG0000790	1	1	2
OG0000791	1	1	2
OG0000792	1	1	2
OG0000793	1	1	2
OG0000794	1	1	2
OG0000795	1	1	2
OG0000796	1	1	2
OG0000797	1	1	2
OG0000798	1	1	2
OG0000799	1	1	2
OG0000800	1	1	2
OG0000801	1	1	2
OG0000802	1	1	2
OG0000803	1	1	2
OG0000804	1	1	2
OG0000805	1	1	2
OG0000806	1	1	2
OG0000807	1	1	2
OG0000808	1	1	2
OG0000809	1	1	2
OG0000810	1	1	2
OG0000811	1	1	2
OG0000812	1	1	2
OG0000813	1	1	2
OG0000814	1	1	2
OG0000815	1	1	2
OG0000816	1	1	2
OG0000817	1	1	2
OG0000818	1	1	2
OG0000819	1	1	2
OG0000820	1	1	2
OG0000821	1	1	2
OG0000822	1	1	2
OG0000823	1	1	2
OG0000824	1	1	2
OG0000825	1	1	2
OG0000826	1	1	2
OG0000827	1	1	2
OG0000828	1	1	2
OG0000829	1	1	2
OG0000830	1	1	2
OG0000831	1	1	2
OG0000832	1	1	2
OG0000833	1	1	2
OG0000834	1	1	2
OG0000835	1	1	2
OG0000836	1	1	2
OG0000837	1	1	2
OG0000838	1	1	2
OG0000839	1	1	2
OG0000840	1	1	2
OG0000841	1	1	2
OG0000842	1	1	2
OG0000843	1	1	2
OG0000844	1	1	2
OG0000845	1	1	2
OG0000846	1	1	2
OG0000847	1	1	2
OG0000848	1	1	2
OG0000849	1	1	2
OG0000850	1	1	2
OG0000851	1	1	2
OG0000852	1	1	2
OG0000853	1	1	2
OG0000854	1	1	2
OG0000855	1	1	2
OG0000856	1	1	2
OG0000857	1	1	2
OG0000858	1	1	2
OG0000859	1	1	2
OG0000860	1	1	2
OG0000861	1	1	2
OG0000862	1	1	2
OG0000863	1	1	2
OG0000864	1	1	2
OG0000865	1	1	2
OG0000866	1	1	2
OG0000867	1	1	2
OG0000868	1	1	2
OG0000869	1	1	2
OG0000870	1	1	2
OG0000871	1	1	2
OG0000872	1	1	2
OG0000873	1	1	2
OG0000874	1	1	2
OG0000875	1	1	2
OG0000876	1	1	2
OG0000877	1	1	2
OG0000878	1	1	2
OG0000879	1	1	2
OG0000880	1	1	2
OG0000881	1	1	2
OG0000882	1	1	2
OG0000883	1	1	2
OG0000884	1	1	2
OG0000885	1	1	2
OG0000886	1	1	2
OG0000887	1	1	2
OG0000888	1	1	2
OG0000889	1	1	2
OG0000890	1	1	2
OG0000891	1	1	2
OG0000892	1	1	2
OG0000893	1	1	2
OG0000894	1	1	2
OG0000895	1	1	2
OG0000896	1	1	2
OG0000897	1	1	2
OG0000898	1	1	2
OG0000899	1	1	2
OG0000900	1	1	2
OG0000901	1	1	2
OG0000902	1	1	2
OG0000903	1	1	2
OG0000904	1	1	2
OG0000905	1	1	2
OG0000906	1	1	2
OG0000907	1	1	2
OG0000908	1	1	2
OG0000909	1	1	2
OG0000910	1	1	2
OG0000911	1	1	2
OG0000912	1	1	2
OG0000913	1	1	2
OG0000914	1	1	2
OG0000915	1	1	2
OG0000916	1	1	2
OG0000917	1	1	2
OG0000918	1	1	2
OG0000919	1	1	2
OG0000920	1	1	2
OG0000921	1	1	2
OG0000922	1	1	2
OG0000923	1	1	2
OG0000924	1	1	2
OG0000925	1	1	2
OG0000926	1	1	2
OG0000927	1	1	2
OG0000928	1	1	2
OG0000929	1	1	2
OG0000930	1	1	2
OG0000931	1	1	2
OG0000932	1	1	2
OG0000933	1	1	2
OG0000934	1	1	2
OG0000935	1	1	2
OG0000936	1	1	2
OG0000937	1	1	2
OG0000938	1	1	2
OG0000939	1	1	2
OG0000940	1	1	2
OG0000941	1	1	2
OG0000942	1	1	2
OG0000943	1	1	2
OG0000944	1	1	2
OG0000945	1	1	2
OG0000946	1	1	2
OG0000947	1	1	2
OG0000948	1	1	2
OG0000949	1	1	2
OG0000950	1	1	2
OG0000951	1	1	2
OG0000952	1	1	2
OG0000953	1	1	2
OG0000954	1	1	2
OG0000955	1	1	2
OG0000956	1	1	2
OG0000957	1	1	2
OG0000958	1	1	2
OG0000959	1	1	2
OG0000960	1	1	2
OG0000961	1	1	2
OG0000962	1	1	2
OG0000963	1	1	2
OG0000964	1	1	2
OG0000965	1	1	2
OG0000966	1	1	2
OG0000967	1	1	2
OG0000968	1	1	2
OG0000969	1	1	2
OG0000970	1	1	2
OG0000971	1	1	2
OG0000972	1	1	2
OG0000973	1	1	2
OG0000974	1	1	2
OG0000975	1	1	2
OG0000976	1	1	2
OG0000977	1	1	2
OG0000978	1	1	2
OG0000979	1	1	2
OG0000980	1	1	2
OG0000981	1	1	2
OG0000982	1	1	2
OG0000983	1	1	2
OG0000984	1	1	2
OG0000985	1	1	2
OG0000986	1	1	2
OG0000987	1	1	2
OG0000988	1	1	2
OG0000989	1	1	2
OG0000990	1	1	2
OG0000991	1	1	2
OG0000992	1	1	2
OG0000993	1	1	2
OG0000994	1	1	2
OG0000995	1	1	2
OG0000996	1	1	2
OG0000997	1	1	2
OG0000998	1	1	2
OG0000999	1	1	2
OG0001000	1	1	2
OG0001001	1	1	2
OG0001002	1	1	2
OG0001003	1	1	2
OG0001004	1	1	2
OG0001005	1	1	2
OG0001006	1	1	2
OG0001007	1	1	2
OG0001008	1	1	2
OG0001009	1	1	2
OG0001010	1	1	2
OG0001011	1	1	2
OG0001012	1	1	2
OG0001013	1	1	2
OG0001014	1	1	2
OG0001015	1	1	2
OG0001016	1	1	2
OG0001017	1	1	2
OG0001018	1	1	2
OG0001019	1	1	2
OG0001020	1	1	2
OG0001021	1	1	2
OG0001022	1	1	2
OG0001023	1	1	2
OG0001024	1	1	2
OG0001025	1	1	2
OG0001026	1	1	2
OG0001027	1	1	2
OG0001028	1	1	2
OG0001029	1	1	2
OG0001030	1	1	2
OG0001031	1	1	2
OG0001032	1	1	2
OG0001033	1	1	2
OG0001034	1	1	2
OG0001035	1	1	2
OG0001036	1	1	2
OG0001037	1	1	2
OG0001038	1	1	2
OG0001039	1	1	2
OG0001040	1	1	2
OG0001041	1	1	2
OG0001042	1	1	2
OG0001043	1	1	2
OG0001044	1	1	2
OG0001045	1	1	2
OG0001046	1	1	2
OG0001047	1	1	2
OG0001048	1	1	2
OG0001049	1	1	2
OG0001050	1	1	2
OG0001051	1	1	2
OG0001052	1	1	2
OG0001053	1	1	2
OG0001054	1	1	2
OG0001055	1	1	2
OG0001056	1	1	2
OG0001057	1	1	2
OG0001058	1	1	2
OG0001059	1	1	2
OG0001060	1	1	2
OG0001061	1	1	2
OG0001062	1	1	2
OG0001063	1	1	2
OG0001064	1	1	2
OG0001065	1	1	2
OG0001066	1	1	2
OG0001067	1	1	2
OG0001068	1	1	2
OG0001069	1	1	2
OG0001070	1	1	2
OG0001071	1	1	2
OG0001072	1	1	2
OG0001073	1	1	2
OG0001074	1	1	2
OG0001075	1	1	2
OG0001076	1	1	2
OG0001077	1	1	2
OG0001078	1	1	2
OG0001079	1	1	2
OG0001080	1	1	2
OG0001081	1	1	2
OG0001082	1	1	2
OG0001083	1	1	2
OG0001084	1	1	2
OG0001085	1	1	2
OG0001086	1	1	2
OG0001087	1	1	2
OG0001088	1	1	2
OG0001089	1	1	2
OG0001090	1	1	2
OG0001091	1	1	2
OG0001092	1	1	2
OG0001093	1	1	2
OG0001094	1	1	2
OG0001095	1	1	2
OG0001096	1	1	2
OG0001097	1	1	2
OG0001098	1	1	2
OG0001099	1	1	2
OG0001100	1	1	2
OG0001101	1	1	2
OG0001102	1	1	2
OG0001103	1	1	2
OG0001104	1	1	2
OG0001105	1	1	2
OG0001106	1	1	2
OG0001107	1	1	2
OG0001108	1	1	2
OG0001109	1	1	2
OG0001110	1	1	2
OG0001111	1	1	2
OG0001112	1	1	2
OG0001113	1	1	2
OG0001114	1	1	2
OG0001115	1	1	2
OG0001116	1	1	2
OG0001117	1	1	2
OG0001118	1	1	2
OG0001119	1	1	2
OG0001120	1	1	2
OG0001121	1	1	2
OG0001122	1	1	2
OG0001123	1	1	2
OG0001124	1	1	2
OG0001125	1	1	2
OG0001126	1	1	2
OG0001127	1	1	2
OG0001128	1	1	2
OG0001129	1	1	2
OG0001130	1	1	2
OG0001131	1	1	2
OG0001132	1	1	2
OG0001133	1	1	2
OG0001134	1	1	2
OG0001135	1	1	2
OG0001136	1	1	2
OG0001137	1	1	2
OG0001138	1	1	2
OG0001139	1	1	2
OG0001140	1	1	2
OG0001141	1	1	2
OG0001142	1	1	2
OG0001143	1	1	2
OG0001144	1	1	2
OG0001145	1	1	2
OG0001146	1	1	2
OG0001147	1	1	2
OG0001148	1	1	2
OG0001149	1	1	2
OG0001150	1	1	2
OG0001151	1	1	2
OG0001152	1	1	2
OG0001153	1	1	2
OG0001154	1	1	2
OG0001155	1	1	2
OG0001156	1	1	2
OG0001157	1	1	2
OG0001158	1	1	2
OG0001159	1	1	2
OG0001160	1	1	2
OG0001161	1	1	2
OG0001162	1	1	2
OG0001163	1	1	2
OG0001164	1	1	2
OG0001165	1	1	2
OG0001166	1	1	2
OG0001167	1	1	2
OG0001168	1	1	2
OG0001169	1	1	2
OG0001170	1	1	2
OG0001171	1	1	2
OG0001172	1	1	2
OG0001173	1	1	2
OG0001174	1	1	2
OG0001175	1	1	2
OG0001176	1	1	2
OG0001177	1	1	2
OG0001178	1	1	2
OG0001179	1	1	2
OG0001180	1	1	2
OG0001181	1	1	2
OG0001182	1	1	2
OG0001183	1	1	2
OG0001184	1	1	2
OG0001185	1	1	2
OG0001186	1	1	2
OG0001187	1	1	2
OG0001188	1	1	2
OG0001189	1	1	2
OG0001190	1	1	2
OG0001191	1	1	2
OG0001192	1	1	2
OG0001193	1	1	2
OG0001194	1	1	2
OG0001195	1	1	2
OG0001196	1	1	2
OG0001197	1	1	2
OG0001198	1	1	2
OG0001199	1	1	2
OG0001200	1	1	2
OG0001201	1	1	2
OG0001202	1	1	2
OG0001203	1	1	2
OG0001204	1	1	2
OG0001205	1	1	2
OG0001206	1	1	2
OG0001207	1	1	2
OG0001208	1	1	2
OG0001209	1	1	2
OG0001210	1	1	2
OG0001211	1	1	2
OG0001212	1	1	2
OG0001213	1	1	2
OG0001214	1	1	2
OG0001215	1	1	2
OG0001216	1	1	2
OG0001217	1	1	2
OG0001218	1	1	2
OG0001219	1	1	2
OG0001220	1	1	2
OG0001221	1	1	2
OG0001222	1	1	2
OG0001223	1	1	2
OG0001224	1	1	2
OG0001225	1	1	2
OG0001226	1	1	2
OG0001227	1	1	2
OG0001228	1	1	2
OG0001229	1	1	2
OG0001230	1	1	2
OG0001231	1	1	2
OG0001232	1	1	2
OG0001233	1	1	2
OG0001234	1	1	2
OG0001235	1	1	2
OG0001236	1	1	2
OG0001237	1	1	2
OG0001238	1	1	2
OG0001239	1	1	2
OG0001240	1	1	2
OG0001241	1	1	2
OG0001242	1	1	2
OG0001243	1	1	2
OG0001244	1	1	2
OG0001245	1	1	2
OG0001246	1	1	2
OG0001247	1	1	2
OG0001248	1	1	2
OG0001249	1	1	2
OG0001250	1	1	2
OG0001251	1	1	2
OG0001252	1	1	2
OG0001253	1	1	2
OG0001254	1	1	2
OG0001255	1	1	2
OG0001256	1	1	2
OG0001257	1	1	2
OG0001258	1	1	2
OG0001259	1	1	2
OG0001260	1	1	2
OG0001261	1	1	2
OG0001262	1	1	2
OG0001263	1	1	2
OG0001264	1	1	2
OG0001265	1	1	2
OG0001266	1	1	2
OG0001267	1	1	2
OG0001268	1	1	2
OG0001269	1	1	2
OG0001270	1	1	2
OG0001271	1	1	2
OG0001272	1	1	2
OG0001273	1	1	2
OG0001274	1	1	2
OG0001275	1	1	2
OG0001276	1	1	2
OG0001277	1	1	2
OG0001278	1	1	2
OG0001279	1	1	2
OG0001280	1	1	2
OG0001281	1	1	2
OG0001282	1	1	2
OG0001283	1	1	2
OG0001284	1	1	2
OG0001285	1	1	2
OG0001286	1	1	2
OG0001287	1	1	2
OG0001288	1	1	2
OG0001289	1	1	2
OG0001290	1	1	2
OG0001291	1	1	2
OG0001292	1	1	2
OG0001293	1	1	2
OG0001294	1	1	2
OG0001295	1	1	2
OG0001296	1	1	2
OG0001297	1	1	2
OG0001298	1	1	2
OG0001299	1	1	2
OG0001300	1	1	2
OG0001301	1	1	2
OG0001302	1	1	2
OG0001303	1	1	2
OG0001304	1	1	2
OG0001305	1	1	2
OG0001306	1	1	2
OG0001307	1	1	2
OG0001308	1	1	2
OG0001309	1	1	2
OG0001310	1	1	2
OG0001311	1	1	2
OG0001312	1	1	2
OG0001313	1	1	2
OG0001314	1	1	2
OG0001315	1	1	2
OG0001316	1	1	2
OG0001317	1	1	2
OG0001318	1	1	2
OG0001319	1	1	2
OG0001320	1	1	2
OG0001321	1	1	2
OG0001322	1	1	2
OG0001323	1	1	2
OG0001324	1	1	2
OG0001325	1	1	2
OG0001326	1	1	2
OG0001327	1	1	2
OG0001328	1	1	2
OG0001329	1	1	2
OG0001330	1	1	2
OG0001331	1	1	2
OG0001332	1	1	2
OG0001333	1	1	2
OG0001334	1	1	2
OG0001335	1	1	2
OG0001336	1	1	2
OG0001337	1	1	2
OG0001338	1	1	2
OG0001339	1	1	2
OG0001340	1	1	2
OG0001341	1	1	2
OG0001342	1	1	2
OG0001343	1	1	2
OG0001344	1	1	2
OG0001345	1	1	2
OG0001346	1	1	2
OG0001347	1	1	2
OG0001348	1	1	2
OG0001349	1	1	2
OG0001350	1	1	2
OG0001351	1	1	2
OG0001352	1	1	2
OG0001353	1	1	2
OG0001354	1	1	2
OG0001355	1	1	2
OG0001356	1	1	2
OG0001357	1	1	2
OG0001358	1	1	2
OG0001359	1	1	2
OG0001360	1	1	2
OG0001361	1	1	2
OG0001362	1	1	2
OG0001363	1	1	2
OG0001364	1	1	2
OG0001365	1	1	2
OG0001366	1	1	2
OG0001367	1	1	2
OG0001368	1	1	2
OG0001369	1	1	2
OG0001370	1	1	2
OG0001371	1	1	2
OG0001372	1	1	2
OG0001373	1	1	2
OG0001374	1	1	2
OG0001375	1	1	2
OG0001376	1	1	2
OG0001377	1	1	2
OG0001378	1	1	2
OG0001379	1	1	2
OG0001380	1	1	2
OG0001381	1	1	2
OG0001382	1	1	2
OG0001383	1	1	2
OG0001384	1	1	2
OG0001385	1	1	2
OG0001386	1	1	2
OG0001387	1	1	2
OG0001388	1	1	2
OG0001389	1	1	2
OG0001390	1	1	2
OG0001391	1	1	2
OG0001392	1	1	2
OG0001393	1	1	2
OG0001394	1	1	2
OG0001395	1	1	2
OG0001396	1	1	2
OG0001397	1	1	2
OG0001398	1	1	2
OG0001399	1	1	2
OG0001400	1	1	2
OG0001401	1	1	2
OG0001402	1	1	2
OG0001403	1	1	2
OG0001404	1	1	2
OG0001405	1	1	2
OG0001406	1	1	2
OG0001407	1	1	2
OG0001408	1	1	2
OG0001409	1	1	2
OG0001410	1	1	2
OG0001411	1	1	2
OG0001412	1	1	2
OG0001413	1	1	2
OG0001414	1	1	2
OG0001415	1	1	2
OG0001416	1	1	2
OG0001417	1	1	2
OG0001418	1	1	2
OG0001419	1	1	2
OG0001420	1	1	2
OG0001421	1	1	2
OG0001422	1	1	2
OG0001423	1	1	2
OG0001424	1	1	2
OG0001425	1	1	2
OG0001426	1	1	2
OG0001427	1	1	2
OG0001428	1	1	2
OG0001429	1	1	2
OG0001430	1	1	2
OG0001431	1	1	2
OG0001432	1	1	2
OG0001433	1	1	2
OG0001434	1	1	2
OG0001435	1	1	2
OG0001436	1	1	2
OG0001437	1	1	2
OG0001438	1	1	2
OG0001439	1	1	2
OG0001440	1	1	2
OG0001441	1	1	2
OG0001442	1	1	2
OG0001443	1	1	2
OG0001444	1	1	2
OG0001445	1	1	2
OG0001446	1	1	2
OG0001447	1	1	2
OG0001448	1	1	2
OG0001449	1	1	2
OG0001450	1	1	2
OG0001451	1	1	2
OG0001452	1	1	2
OG0001453	1	1	2
OG0001454	1	1	2
OG0001455	1	1	2
OG0001456	1	1	2
OG0001457	1	1	2
OG0001458	1	1	2
OG0001459	1	1	2
OG0001460	1	1	2
OG0001461	1	1	2
OG0001462	1	1	2
OG0001463	1	1	2
OG0001464	1	1	2
OG0001465	1	1	2
OG0001466	1	1	2
OG0001467	1	1	2
OG0001468	1	1	2
OG0001469	1	1	2
OG0001470	1	1	2
OG0001471	1	1	2
OG0001472	1	1	2
OG0001473	1	1	2
OG0001474	1	1	2
OG0001475	1	1	2
OG0001476	1	1	2
OG0001477	1	1	2
OG0001478	1	1	2
OG0001479	1	1	2
OG0001480	1	1	2
OG0001481	1	1	2
OG0001482	1	1	2
OG0001483	1	1	2
OG0001484	1	1	2
OG0001485	1	1	2
OG0001486	1	1	2
OG0001487	1	1	2
OG0001488	1	1	2
OG0001489	1	1	2
OG0001490	1	1	2
OG0001491	1	1	2
OG0001492	1	1	2
OG0001493	1	1	2
OG0001494	1	1	2
OG0001495	1	1	2
OG0001496	1	1	2
OG0001497	1	1	2
OG0001498	1	1	2
OG0001499	1	1	2
OG0001500	1	1	2
OG0001501	1	1	2
OG0001502	1	1	2
OG0001503	1	1	2
OG0001504	1	1	2
OG0001505	1	1	2
OG0001506	1	1	2
OG0001507	1	1	2
OG0001508	1	1	2
OG0001509	1	1	2
OG0001510	1	1	2
OG0001511	1	1	2
OG0001512	1	1	2
OG0001513	1	1	2
OG0001514	1	1	2
OG0001515	1	1	2
OG0001516	1	1	2
OG0001517	1	1	2
OG0001518	1	1	2
OG0001519	1	1	2
OG0001520	1	1	2
OG0001521	1	1	2
OG0001522	1	1	2
OG0001523	1	1	2
OG0001524	1	1	2
OG0001525	1	1	2
OG0001526	1	1	2
OG0001527	1	1	2
OG0001528	1	1	2
OG0001529	1	1	2
OG0001530	1	1	2
OG0001531	1	1	2
OG0001532	1	1	2
OG0001533	1	1	2
OG0001534	1	1	2
OG0001535	1	1	2
OG0001536	1	1	2
OG0001537	1	1	2
OG0001538	1	1	2
OG0001539	1	1	2
OG0001540	1	1	2
OG0001541	1	1	2
OG0001542	1	1	2
OG0001543	1	1	2
OG0001544	1	1	2
OG0001545	1	1	2
OG0001546	1	1	2
OG0001547	1	1	2
OG0001548	1	1	2
OG0001549	1	1	2
OG0001550	1	1	2
OG0001551	1	1	2
OG0001552	1	1	2
OG0001553	1	1	2
OG0001554	1	1	2
OG0001555	1	1	2
OG0001556	1	1	2
OG0001557	1	1	2
OG0001558	1	1	2
OG0001559	1	1	2
OG0001560	1	1	2
OG0001561	1	1	2
OG0001562	1	1	2
OG0001563	1	1	2
OG0001564	1	1	2
OG0001565	1	1	2
OG0001566	1	1	2
OG0001567	1	1	2
OG0001568	1	1	2
OG0001569	1	1	2
OG0001570	1	1	2
OG0001571	1	1	2
OG0001572	1	1	2
OG0001573	1	1	2
OG0001574	1	1	2
OG0001575	1	1	2
OG0001576	1	1	2
OG0001577	1	1	2
OG0001578	1	1	2
OG0001579	1	1	2
OG0001580	1	1	2
OG0001581	1	1	2
OG0001582	1	1	2
OG0001583	1	1	2
OG0001584	1	1	2
OG0001585	1	1	2
OG0001586	1	1	2
OG0001587	1	1	2
OG0001588	1	1	2
OG0001589	1	1	2
OG0001590	1	1	2
OG0001591	1	1	2
OG0001592	1	1	2
OG0001593	1	1	2
OG0001594	1	1	2
OG0001595	1	1	2
OG0001596	1	1	2
OG0001597	1	1	2
OG0001598	1	1	2
OG0001599	1	1	2
OG0001600	1	1	2
OG0001601	1	1	2
OG0001602	1	1	2
OG0001603	1	1	2
OG0001604	1	1	2
OG0001605	1	1	2
OG0001606	1	1	2
OG0001607	1	1	2
OG0001608	1	1	2
OG0001609	1	1	2
OG0001610	1	1	2
OG0001611	1	1	2
OG0001612	1	1	2
OG0001613	1	1	2
OG0001614	1	1	2
OG0001615	1	1	2
OG0001616	1	1	2
OG0001617	1	1	2
OG0001618	1	1	2
OG0001619	1	1	2
OG0001620	1	1	2
OG0001621	1	1	2
OG0001622	1	1	2
OG0001623	1	1	2
OG0001624	1	1	2
OG0001625	1	1	2
OG0001626	1	1	2
OG0001627	1	1	2
OG0001628	1	1	2
OG0001629	1	1	2
OG0001630	1	1	2
OG0001631	1	1	2
OG0001632	1	1	2
OG0001633	1	1	2
OG0001634	1	1	2
OG0001635	1	1	2
OG0001636	1	1	2
OG0001637	1	1	2
OG0001638	1	1	2
OG0001639	1	1	2
OG0001640	1	1	2
OG0001641	1	1	2
OG0001642	1	1	2
OG0001643	1	1	2
OG0001644	1	1	2
OG0001645	1	1	2
OG0001646	1	1	2
OG0001647	1	1	2
OG0001648	1	1	2
OG0001649	1	1	2
OG0001650	1	1	2
OG0001651	1	1	2
OG0001652	1	1	2
OG0001653	1	1	2
OG0001654	1	1	2
OG0001655	1	1	2
OG0001656	1	1	2
OG0001657	1	1	2
OG0001658	1	1	2
OG0001659	1	1	2
OG0001660	1	1	2
OG0001661	1	1	2
OG0001662	1	1	2
OG0001663	1	1	2
OG0001664	1	1	2
OG0001665	1	1	2
OG0001666	1	1	2
OG0001667	1	1	2
OG0001668	1	1	2
OG0001669	1	1	2
OG0001670	1	1	2
OG0001671	1	1	2
OG0001672	1	1	2
OG0001673	1	1	2
OG0001674	1	1	2
OG0001675	1	1	2
OG0001676	1	1	2
OG0001677	1	1	2
OG0001678	1	1	2
OG0001679	1	1	2
OG0001680	1	1	2
OG0001681	1	1	2
OG0001682	1	1	2
OG0001683	1	1	2
OG0001684	1	1	2
OG0001685	1	1	2
OG0001686	1	1	2
OG0001687	1	1	2
OG0001688	1	1	2
OG0001689	1	1	2
OG0001690	1	1	2
OG0001691	1	1	2
OG0001692	1	1	2
OG0001693	1	1	2
OG0001694	1	1	2
OG0001695	1	1	2
OG0001696	1	1	2
OG0001697	1	1	2
OG0001698	1	1	2
OG0001699	1	1	2
OG0001700	1	1	2
OG0001701	1	1	2
OG0001702	1	1	2
OG0001703	1	1	2
OG0001704	1	1	2
OG0001705	1	1	2
OG0001706	1	1	2
OG0001707	1	1	2
OG0001708	1	1	2
OG0001709	1	1	2
OG0001710	1	1	2
OG0001711	1	1	2
OG0001712	1	1	2
OG0001713	1	1	2
OG0001714	1	1	2
OG0001715	1	1	2
OG0001716	1	1	2
OG0001717	1	1	2
OG0001718	1	1	2
OG0001719	1	1	2
OG0001720	1	1	2
OG0001721	1	1	2
OG0001722	1	1	2
OG0001723	1	1	2
OG0001724	1	1	2
OG0001725	1	1	2
OG0001726	1	1	2
OG0001727	1	1	2
OG0001728	1	1	2
OG0001729	1	1	2
OG0001730	1	1	2
OG0001731	1	1	2
OG0001732	1	1	2
OG0001733	1	1	2
OG0001734	1	1	2
OG0001735	1	1	2
OG0001736	1	1	2
OG0001737	1	1	2
OG0001738	1	1	2
OG0001739	1	1	2
OG0001740	1	1	2
OG0001741	1	1	2
OG0001742	1	1	2
OG0001743	1	1	2
OG0001744	1	1	2
OG0001745	1	1	2
OG0001746	1	1	2
OG0001747	1	1	2
OG0001748	1	1	2
OG0001749	1	1	2
OG0001750	1	1	2
OG0001751	1	1	2
OG0001752	1	1	2
OG0001753	1	1	2
OG0001754	1	1	2
OG0001755	1	1	2
OG0001756	1	1	2
OG0001757	1	1	2
OG0001758	1	1	2
OG0001759	1	1	2
OG0001760	1	1	2
OG0001761	1	1	2
OG0001762	1	1	2
OG0001763	1	1	2
OG0001764	1	1	2
OG0001765	1	1	2
OG0001766	1	1	2
OG0001767	1	1	2
OG0001768	1	1	2
OG0001769	1	1	2
OG0001770	1	1	2
OG0001771	1	1	2
OG0001772	1	1	2
OG0001773	1	1	2
OG0001774	1	1	2
OG0001775	1	1	2
OG0001776	1	1	2
OG0001777	1	1	2
OG0001778	1	1	2
OG0001779	1	1	2
OG0001780	1	1	2
OG0001781	1	1	2
OG0001782	1	1	2
OG0001783	1	1	2
OG0001784	1	1	2
OG0001785	1	1	2
OG0001786	1	1	2
OG0001787	1	1	2
OG0001788	1	1	2
OG0001789	1	1	2
OG0001790	1	1	2
OG0001791	1	1	2
OG0001792	1	1	2
OG0001793	1	1	2
OG0001794	1	1	2
OG0001795	1	1	2
OG0001796	1	1	2
OG0001797	1	1	2
OG0001798	1	1	2
OG0001799	1	1	2
OG0001800	1	1	2
OG0001801	1	1	2
OG0001802	1	1	2
OG0001803	1	1	2
OG0001804	1	1	2
OG0001805	1	1	2
OG0001806	1	1	2
OG0001807	1	1	2
OG0001808	1	1	2
OG0001809	1	1	2
OG0001810	1	1	2
OG0001811	1	1	2
OG0001812	1	1	2
OG0001813	1	1	2
OG0001814	1	1	2
OG0001815	1	1	2
OG0001816	1	1	2
OG0001817	1	1	2
OG0001818	1	1	2
OG0001819	1	1	2
OG0001820	1	1	2
OG0001821	1	1	2
OG0001822	1	1	2
OG0001823	1	1	2
OG0001824	1	1	2
OG0001825	1	1	2
OG0001826	1	1	2
OG0001827	1	1	2
OG0001828	1	1	2
OG0001829	1	1	2
OG0001830	1	1	2
OG0001831	1	1	2
OG0001832	1	1	2
OG0001833	1	1	2
OG0001834	1	1	2
OG0001835	1	1	2
OG0001836	1	1	2
OG0001837	1	1	2
OG0001838	1	1	2
OG0001839	1	1	2
OG0001840	1	1	2
OG0001841	1	1	2
OG0001842	1	1	2
OG0001843	1	1	2
OG0001844	1	1	2
OG0001845	1	1	2
OG0001846	1	1	2
OG0001847	1	1	2
OG0001848	1	1	2
OG0001849	1	1	2
OG0001850	1	1	2
OG0001851	1	1	2
OG0001852	1	1	2
OG0001853	1	1	2
OG0001854	1	1	2
OG0001855	1	1	2
OG0001856	1	1	2
OG0001857	1	1	2
OG0001858	1	1	2
OG0001859	1	1	2
OG0001860	1	1	2
OG0001861	1	1	2
OG0001862	1	1	2
OG0001863	1	1	2
OG0001864	1	1	2
OG0001865	1	1	2
OG0001866	1	1	2
OG0001867	1	1	2
OG0001868	1	1	2
OG0001869	1	1	2
OG0001870	1	1	2
OG0001871	1	1	2
OG0001872	1	1	2
OG0001873	1	1	2
OG0001874	1	1	2
OG0001875	1	1	2
OG0001876	1	1	2
OG0001877	1	1	2
OG0001878	1	1	2
OG0001879	1	1	2
OG0001880	1	1	2
OG0001881	1	1	2
OG0001882	1	1	2
OG0001883	1	1	2
OG0001884	1	1	2
OG0001885	1	1	2
OG0001886	1	1	2
OG0001887	1	1	2
OG0001888	1	1	2
OG0001889	1	1	2
OG0001890	1	1	2
OG0001891	1	1	2
OG0001892	1	1	2
OG0001893	1	1	2
OG0001894	1	1	2
OG0001895	1	1	2
OG0001896	1	1	2
OG0001897	1	1	2
OG0001898	1	1	2
OG0001899	1	1	2
OG0001900	1	1	2
OG0001901	1	1	2
OG0001902	1	1	2
OG0001903	1	1	2
OG0001904	1	1	2
OG0001905	1	1	2
OG0001906	1	1	2
OG0001907	1	1	2
OG0001908	1	1	2
OG0001909	1	1	2
OG0001910	1	1	2
OG0001911	1	1	2
OG0001912	1	1	2
OG0001913	1	1	2
OG0001914	1	1	2
OG0001915	1	1	2
OG0001916	1	1	2
OG0001917	1	1	2
OG0001918	1	1	2
OG0001919	1	1	2
OG0001920	1	1	2
OG0001921	1	1	2
OG0001922	1	1	2
OG0001923	1	1	2
OG0001924	1	1	2
OG0001925	1	1	2
OG0001926	1	1	2
OG0001927	1	1	2
OG0001928	1	1	2
OG0001929	1	1	2
OG0001930	1	1	2
OG0001931	1	1	2
OG0001932	1	1	2
OG0001933	1	1	2
OG0001934	1	1	2
OG0001935	1	1	2
OG0001936	1	1	2
OG0001937	1	1	2
OG0001938	1	1	2
OG0001939	1	1	2
OG0001940	1	1	2
OG0001941	1	1	2
OG0001942	1	1	2
OG0001943	1	1	2
OG0001944	1	1	2
OG0001945	1	1	2
OG0001946	1	1	2
OG0001947	1	1	2
OG0001948	1	1	2
OG0001949	1	1	2
OG0001950	1	1	2
OG0001951	1	1	2
OG0001952	1	1	2
OG0001953	1	1	2
OG0001954	1	1	2
OG0001955	1	1	2
OG0001956	1	1	2
OG0001957	1	1	2
OG0001958	1	1	2
OG0001959	1	1	2
OG0001960	1	1	2
OG0001961	1	1	2
OG0001962	1	1	2
OG0001963	1	1	2
OG0001964	1	1	2
OG0001965	1	1	2
OG0001966	1	1	2
OG0001967	1	1	2
OG0001968	1	1	2
OG0001969	1	1	2
OG0001970	1	1	2
OG0001971	1	1	2
OG0001972	1	1	2
OG0001973	1	1	2
OG0001974	1	1	2
OG0001975	1	1	2
OG0001976	1	1	2
OG0001977	1	1	2
OG0001978	1	1	2
OG0001979	1	1	2
OG0001980	1	1	2
OG0001981	1	1	2
OG0001982	1	1	2
OG0001983	1	1	2
OG0001984	1	1	2
OG0001985	1	1	2
OG0001986	1	1	2
OG0001987	1	1	2
OG0001988	1	1	2
OG0001989	1	1	2
OG0001990	1	1	2
OG0001991	1	1	2
OG0001992	1	1	2
OG0001993	1	1	2
OG0001994	1	1	2
OG0001995	1	1	2
OG0001996	1	1	2
OG0001997	1	1	2
OG0001998	1	1	2
OG0001999	1	1	2
OG0002000	1	1	2
OG0002001	1	1	2
OG0002002	1	1	2
OG0002003	1	1	2
OG0002004	1	1	2
OG0002005	1	1	2
OG0002006	1	1	2
OG0002007	1	1	2
OG0002008	1	1	2
OG0002009	1	1	2
OG0002010	1	1	2
OG0002011	1	1	2
OG0002012	1	1	2
OG0002013	1	1	2
OG0002014	1	1	2
OG0002015	1	1	2
OG0002016	1	1	2
OG0002017	1	1	2
OG0002018	1	1	2
OG0002019	1	1	2
OG0002020	1	1	2
OG0002021	1	1	2
OG0002022	1	1	2
OG0002023	1	1	2
OG0002024	1	1	2
OG0002025	1	1	2
OG0002026	1	1	2
OG0002027	1	1	2
OG0002028	1	1	2
OG0002029	1	1	2
OG0002030	1	1	2
OG0002031	1	1	2
OG0002032	1	1	2
OG0002033	1	1	2
OG0002034	1	1	2
OG0002035	1	1	2
OG0002036	1	1	2
OG0002037	1	1	2
OG0002038	1	1	2
OG0002039	1	1	2
OG0002040	1	1	2
OG0002041	1	1	2
OG0002042	1	1	2
OG0002043	1	1	2
OG0002044	1	1	2
OG0002045	1	1	2
OG0002046	1	1	2
OG0002047	1	1	2
OG0002048	1	1	2
OG0002049	1	1	2
OG0002050	1	1	2
OG0002051	1	1	2
OG0002052	1	1	2
OG0002053	1	1	2
OG0002054	1	1	2
OG0002055	1	1	2
OG0002056	1	1	2
OG0002057	1	1	2
OG0002058	1	1	2
OG0002059	1	1	2
OG0002060	1	1	2
OG0002061	1	1	2
OG0002062	1	1	2
OG0002063	1	1	2
OG0002064	1	1	2
OG0002065	1	1	2
OG0002066	1	1	2
OG0002067	1	1	2
OG0002068	1	1	2
OG0002069	1	1	2
OG0002070	1	1	2
OG0002071	1	1	2
OG0002072	1	1	2
OG0002073	1	1	2
OG0002074	1	1	2
OG0002075	1	1	2
OG0002076	1	1	2
OG0002077	1	1	2
OG0002078	1	1	2
OG0002079	1	1	2
OG0002080	1	1	2
OG0002081	1	1	2
OG0002082	1	1	2
OG0002083	1	1	2
OG0002084	1	1	2
OG0002085	1	1	2
OG0002086	1	1	2
OG0002087	1	1	2
OG0002088	1	1	2
OG0002089	1	1	2
OG0002090	1	1	2
OG0002091	1	1	2
OG0002092	1	1	2
OG0002093	1	1	2
OG0002094	1	1	2
OG0002095	1	1	2
OG0002096	1	1	2
OG0002097	1	1	2
OG0002098	1	1	2
OG0002099	1	1	2
OG0002100	1	1	2
OG0002101	1	1	2
OG0002102	1	1	2
OG0002103	1	1	2
OG0002104	1	1	2
OG0002105	1	1	2
OG0002106	1	1	2
OG0002107	1	1	2
OG0002108	1	1	2
OG0002109	1	1	2
OG0002110	1	1	2
OG0002111	1	1	2
OG0002112	1	1	2
OG0002113	1	1	2
OG0002114	1	1	2
OG0002115	1	1	2
OG0002116	1	1	2
OG0002117	1	1	2
OG0002118	1	1	2
OG0002119	1	1	2
OG0002120	1	1	2
OG0002121	1	1	2
OG0002122	1	1	2
OG0002123	1	1	2
OG0002124	1	1	2
OG0002125	1	1	2
OG0002126	1	1	2
OG0002127	1	1	2
OG0002128	1	1	2
OG0002129	1	1	2
OG0002130	1	1	2
OG0002131	1	1	2
OG0002132	1	1	2
OG0002133	1	1	2
OG0002134	1	1	2
OG0002135	1	1	2
OG0002136	1	1	2
OG0002137	1	1	2
OG0002138	1	1	2
OG0002139	1	1	2
OG0002140	1	1	2
OG0002141	1	1	2
OG0002142	1	1	2
OG0002143	1	1	2
OG0002144	1	1	2
OG0002145	1	1	2
OG0002146	1	1	2
OG0002147	1	1	2
OG0002148	1	1	2
OG0002149	1	1	2
OG0002150	1	1	2
OG0002151	1	1	2
OG0002152	1	1	2
OG0002153	1	1	2
OG0002154	1	1	2
OG0002155	1	1	2
OG0002156	1	1	2
OG0002157	1	1	2
OG0002158	1	1	2
OG0002159	1	1	2
OG0002160	1	1	2
OG0002161	1	1	2
OG0002162	1	1	2
OG0002163	1	1	2
OG0002164	1	1	2
OG0002165	1	1	2
OG0002166	1	1	2
OG0002167	1	1	2
OG0002168	1	1	2
OG0002169	1	1	2
OG0002170	1	1	2
OG0002171	1	1	2
OG0002172	1	1	2
OG0002173	1	1	2
OG0002174	1	1	2
OG0002175	1	1	2
OG0002176	1	1	2
OG0002177	1	1	2
OG0002178	1	1	2
OG0002179	1	1	2
OG0002180	1	1	2
OG0002181	1	1	2
OG0002182	1	1	2
OG0002183	1	1	2
OG0002184	1	1	2
OG0002185	1	1	2
OG0002186	1	1	2
OG0002187	1	1	2
OG0002188	1	1	2
OG0002189	1	1	2
OG0002190	1	1	2
OG0002191	1	1	2
OG0002192	1	1	2
OG0002193	1	1	2
OG0002194	1	1	2
OG0002195	1	1	2
OG0002196	1	1	2
OG0002197	1	1	2
OG0002198	1	1	2
OG0002199	1	1	2
OG0002200	1	1	2
OG0002201	1	1	2
OG0002202	1	1	2
OG0002203	1	1	2
OG0002204	1	1	2
OG0002205	1	1	2
OG0002206	1	1	2
OG0002207	1	1	2
OG0002208	1	1	2
OG0002209	1	1	2
OG0002210	1	1	2
OG0002211	1	1	2
OG0002212	1	1	2
OG0002213	1	1	2
OG0002214	1	1	2
OG0002215	1	1	2
OG0002216	1	1	2
OG0002217	1	1	2
OG0002218	1	1	2
OG0002219	1	1	2
OG0002220	1	1	2
OG0002221	1	1	2
OG0002222	1	1	2
OG0002223	1	1	2
OG0002224	1	1	2
OG0002225	1	1	2
OG0002226	1	1	2
OG0002227	1	1	2
OG0002228	1	1	2
OG0002229	1	1	2
OG0002230	1	1	2
OG0002231	1	1	2
OG0002232	1	1	2
OG0002233	1	1	2
OG0002234	1	1	2
OG0002235	1	1	2
OG0002236	1	1	2
OG0002237	1	1	2
OG0002238	1	1	2
OG0002239	1	1	2
OG0002240	1	1	2
OG0002241	1	1	2
OG0002242	1	1	2
OG0002243	1	1	2
OG0002244	1	1	2
OG0002245	1	1	2
OG0002246	1	1	2
OG0002247	1	1	2
OG0002248	1	1	2
OG0002249	1	1	2
OG0002250	1	1	2
OG0002251	1	1	2
OG0002252	1	1	2
OG0002253	1	1	2
OG0002254	1	1	2
OG0002255	1	1	2
OG0002256	1	1	2
OG0002257	1	1	2
OG0002258	1	1	2
OG0002259	1	1	2
OG0002260	1	1	2
OG0002261	1	1	2
OG0002262	1	1	2
OG0002263	1	1	2
OG0002264	1	1	2
OG0002265	1	1	2
OG0002266	1	1	2
OG0002267	1	1	2
OG0002268	1	1	2
OG0002269	1	1	2
OG0002270	1	1	2
OG0002271	1	1	2
OG0002272	1	1	2
OG0002273	1	1	2
OG0002274	1	1	2
OG0002275	1	1	2
OG0002276	1	1	2
OG0002277	1	1	2
OG0002278	1	1	2
OG0002279	1	1	2
OG0002280	1	1	2
OG0002281	1	1	2
OG0002282	1	1	2
OG0002283	1	1	2
OG0002284	1	1	2
OG0002285	1	1	2
OG0002286	1	1	2
OG0002287	1	1	2
OG0002288	1	1	2
OG0002289	1	1	2
OG0002290	1	1	2
OG0002291	1	1	2
OG0002292	1	1	2
OG0002293	1	1	2
OG0002294	1	1	2
OG0002295	1	1	2
OG0002296	1	1	2
OG0002297	1	1	2
OG0002298	1	1	2
OG0002299	1	1	2
OG0002300	1	1	2
OG0002301	1	1	2
OG0002302	1	1	2
OG0002303	1	1	2
OG0002304	1	1	2
OG0002305	1	1	2
OG0002306	1	1	2
OG0002307	1	1	2
OG0002308	1	1	2
OG0002309	1	1	2
OG0002310	1	1	2
OG0002311	1	1	2
OG0002312	1	1	2
OG0002313	1	1	2
OG0002314	1	1	2
OG0002315	1	1	2
OG0002316	1	1	2
OG0002317	1	1	2
OG0002318	1	1	2
OG0002319	1	1	2
OG0002320	1	1	2
OG0002321	1	1	2
OG0002322	1	1	2
OG0002323	1	1	2
OG0002324	1	1	2
OG0002325	1	1	2
OG0002326	1	1	2
OG0002327	1	1	2
OG0002328	1	1	2
OG0002329	1	1	2
OG0002330	1	1	2
OG0002331	1	1	2
OG0002332	1	1	2
OG0002333	1	1	2
OG0002334	1	1	2
OG0002335	1	1	2
OG0002336	1	1	2
OG0002337	1	1	2
OG0002338	1	1	2
OG0002339	1	1	2
OG0002340	1	1	2
OG0002341	1	1	2
OG0002342	1	1	2
OG0002343	1	1	2
OG0002344	1	1	2
OG0002345	1	1	2
OG0002346	1	1	2
OG0002347	1	1	2
OG0002348	1	1	2
OG0002349	1	1	2
OG0002350	1	1	2
OG0002351	1	1	2
OG0002352	1	1	2
OG0002353	1	1	2
OG0002354	1	1	2
OG0002355	1	1	2
OG0002356	1	1	2
OG0002357	1	1	2
OG0002358	1	1	2
OG0002359	1	1	2
OG0002360	1	1	2
OG0002361	1	1	2
OG0002362	1	1	2
OG0002363	1	1	2
OG0002364	1	1	2
OG0002365	1	1	2
OG0002366	1	1	2
OG0002367	1	1	2
OG0002368	1	1	2
OG0002369	1	1	2
OG0002370	1	1	2
OG0002371	1	1	2
OG0002372	1	1	2
OG0002373	1	1	2
OG0002374	1	1	2
OG0002375	1	1	2
OG0002376	1	1	2
OG0002377	1	1	2
OG0002378	1	1	2
OG0002379	1	1	2
OG0002380	1	1	2
OG0002381	1	1	2
OG0002382	1	1	2
OG0002383	1	1	2
OG0002384	1	1	2
OG0002385	1	1	2
OG0002386	1	1	2
OG0002387	1	1	2
OG0002388	1	1	2
OG0002389	1	1	2
OG0002390	1	1	2
OG0002391	1	1	2
OG0002392	1	1	2
OG0002393	1	1	2
OG0002394	1	1	2
OG0002395	1	1	2
OG0002396	1	1	2
OG0002397	1	1	2
OG0002398	1	1	2
OG0002399	1	1	2
OG0002400	1	1	2
OG0002401	1	1	2
OG0002402	1	1	2
OG0002403	1	1	2
OG0002404	1	1	2
OG0002405	1	1	2
OG0002406	1	1	2
OG0002407	1	1	2
OG0002408	1	1	2
OG0002409	1	1	2
OG0002410	1	1	2
OG0002411	1	1	2
OG0002412	1	1	2
OG0002413	1	1	2
OG0002414	1	1	2
OG0002415	1	1	2
OG0002416	1	1	2
OG0002417	1	1	2
OG0002418	1	1	2
OG0002419	1	1	2
OG0002420	1	1	2
OG0002421	1	1	2
OG0002422	1	1	2
OG0002423	1	1	2
OG0002424	1	1	2
OG0002425	1	1	2
OG0002426	1	1	2
OG0002427	1	1	2
OG0002428	1	1	2
OG0002429	1	1	2
OG0002430	1	1	2
OG0002431	1	1	2
OG0002432	1	1	2
OG0002433	1	1	2
OG0002434	1	1	2
OG0002435	1	1	2
OG0002436	1	1	2
OG0002437	1	1	2
OG0002438	1	1	2
OG0002439	1	1	2
OG0002440	1	1	2
OG0002441	1	1	2
OG0002442	1	1	2
OG0002443	1	1	2
OG0002444	1	1	2
OG0002445	1	1	2
OG0002446	1	1	2
OG0002447	1	1	2
OG0002448	1	1	2
OG0002449	1	1	2
OG0002450	1	1	2
OG0002451	1	1	2
OG0002452	1	1	2
OG0002453	1	1	2
OG0002454	1	1	2
OG0002455	1	1	2
OG0002456	1	1	2
OG0002457	1	1	2
OG0002458	1	1	2
OG0002459	1	1	2
OG0002460	1	1	2
OG0002461	1	1	2
OG0002462	1	1	2
OG0002463	1	1	2
OG0002464	1	1	2
OG0002465	1	1	2
OG0002466	1	1	2
OG0002467	1	1	2
OG0002468	1	1	2
OG0002469	1	1	2
OG0002470	1	1	2
OG0002471	1	1	2
OG0002472	1	1	2
OG0002473	1	1	2
OG0002474	1	1	2
OG0002475	1	1	2
OG0002476	1	1	2
OG0002477	1	1	2
OG0002478	1	1	2
OG0002479	1	1	2
OG0002480	1	1	2
OG0002481	1	1	2
OG0002482	1	1	2
OG0002483	1	1	2
OG0002484	1	1	2
OG0002485	1	1	2
OG0002486	1	1	2
OG0002487	1	1	2
OG0002488	1	1	2
OG0002489	1	1	2
OG0002490	1	1	2
OG0002491	1	1	2
OG0002492	1	1	2
OG0002493	1	1	2
OG0002494	1	1	2
OG0002495	1	1	2
OG0002496	1	1	2
OG0002497	1	1	2
OG0002498	1	1	2
OG0002499	1	1	2
OG0002500	1	1	2
OG0002501	1	1	2
OG0002502	1	1	2
OG0002503	1	1	2
OG0002504	1	1	2
OG0002505	1	1	2
OG0002506	1	1	2
OG0002507	1	1	2
OG0002508	1	1	2
OG0002509	1	1	2
OG0002510	1	1	2
OG0002511	1	1	2
OG0002512	1	1	2
OG0002513	1	1	2
OG0002514	1	1	2
OG0002515	1	1	2
OG0002516	1	1	2
OG0002517	1	1	2
OG0002518	1	1	2
OG0002519	1	1	2
OG0002520	1	1	2
OG0002521	1	1	2
OG0002522	1	1	2
OG0002523	1	1	2
OG0002524	1	1	2
OG0002525	1	1	2
OG0002526	1	1	2
OG0002527	1	1	2
OG0002528	1	1	2
OG0002529	1	1	2
OG0002530	1	1	2
OG0002531	1	1	2
OG0002532	1	1	2
OG0002533	1	1	2
OG0002534	1	1	2
OG0002535	1	1	2
OG0002536	1	1	2
OG0002537	1	1	2
OG0002538	1	1	2
OG0002539	1	1	2
OG0002540	1	1	2
OG0002541	1	1	2
OG0002542	1	1	2
OG0002543	1	1	2
OG0002544	1	1	2
OG0002545	1	1	2
OG0002546	1	1	2
OG0002547	1	1	2
OG0002548	1	1	2
OG0002549	1	1	2
OG0002550	1	1	2
OG0002551	1	1	2
OG0002552	1	1	2
OG0002553	1	1	2
OG0002554	1	1	2
OG0002555	1	1	2
OG0002556	1	1	2
OG0002557	1	1	2
OG0002558	1	1	2
OG0002559	1	1	2
OG0002560	1	1	2
OG0002561	1	1	2
OG0002562	1	1	2
OG0002563	1	1	2
OG0002564	1	1	2
OG0002565	1	1	2
OG0002566	1	1	2
OG0002567	1	1	2
OG0002568	1	1	2
OG0002569	1	1	2
OG0002570	1	1	2
OG0002571	1	1	2
OG0002572	1	1	2
OG0002573	1	1	2
OG0002574	1	1	2
OG0002575	1	1	2
OG0002576	1	1	2
OG0002577	1	1	2
OG0002578	1	1	2
OG0002579	1	1	2
OG0002580	1	1	2
OG0002581	1	1	2
OG0002582	1	1	2
OG0002583	1	1	2
OG0002584	1	1	2
OG0002585	1	1	2
OG0002586	1	1	2
OG0002587	1	1	2
OG0002588	1	1	2
OG0002589	1	1	2
OG0002590	1	1	2
OG0002591	1	1	2
OG0002592	1	1	2
OG0002593	1	1	2
OG0002594	1	1	2
OG0002595	1	1	2
OG0002596	1	1	2
OG0002597	1	1	2
OG0002598	1	1	2
OG0002599	1	1	2
OG0002600	1	1	2
OG0002601	1	1	2
OG0002602	1	1	2
OG0002603	1	1	2
OG0002604	1	1	2
OG0002605	1	1	2
OG0002606	1	1	2
OG0002607	1	1	2
OG0002608	1	1	2
OG0002609	1	1	2
OG0002610	1	1	2
OG0002611	1	1	2
OG0002612	1	1	2
OG0002613	1	1	2
OG0002614	1	1	2
OG0002615	1	1	2
OG0002616	1	1	2
OG0002617	1	1	2
OG0002618	1	1	2
OG0002619	1	1	2
OG0002620	1	1	2
OG0002621	1	1	2
OG0002622	1	1	2
OG0002623	1	1	2
OG0002624	1	1	2
OG0002625	1	1	2
OG0002626	1	1	2
OG0002627	1	1	2
OG0002628	1	1	2
OG0002629	1	1	2
OG0002630	1	1	2
OG0002631	1	1	2
OG0002632	1	1	2
OG0002633	1	1	2
OG0002634	1	1	2
OG0002635	1	1	2
OG0002636	1	1	2
OG0002637	1	1	2
OG0002638	1	1	2
OG0002639	1	1	2
OG0002640	1	1	2
OG0002641	1	1	2
OG0002642	1	1	2
OG0002643	1	1	2
OG0002644	1	1	2
OG0002645	1	1	2
OG0002646	1	1	2
OG0002647	1	1	2
OG0002648	1	1	2
OG0002649	1	1	2
OG0002650	1	1	2
OG0002651	1	1	2
OG0002652	1	1	2
OG0002653	1	1	2
OG0002654	1	1	2
OG0002655	1	1	2
OG0002656	1	1	2
OG0002657	1	1	2
OG0002658	1	1	2
OG0002659	1	1	2
OG0002660	1	1	2
OG0002661	1	1	2
OG0002662	1	1	2
OG0002663	1	1	2
OG0002664	1	1	2
OG0002665	1	1	2
OG0002666	1	1	2
OG0002667	1	1	2
OG0002668	1	1	2
OG0002669	1	1	2
OG0002670	1	1	2
OG0002671	1	1	2
OG0002672	1	1	2
OG0002673	1	1	2
OG0002674	1	1	2
OG0002675	1	1	2
OG0002676	1	1	2
OG0002677	1	1	2
OG0002678	1	1	2
OG0002679	1	1	2
OG0002680	1	1	2
OG0002681	1	1	2
OG0002682	1	1	2
OG0002683	1	1	2
OG0002684	1	1	2
